00000010000001110010000001000000100000010000001000000100000010000001000011010000
00000001111100000000101000010100001010000101000010100001010000101000000000100000
00000000000010001101010110101001010100101010010101001010100101010010100000001100
00000000000011000011000001000010100000010000001000000100000010000001000001000001
00000000000000000000000000000000000001000000000000000000000000000000000000000000
00000010000000110000010000101000010100001010100101000010100001010000100010110000
00000000110000000000000000000000000010000100000000010000000000000000000000000000
00000000000100000000100000010000001000000100000010000001001000100000000000000010
00000001001000001000000000000000000000000000000000000000000000000100000000000000
00000000000000000100001010000101000010100001010000101000010100001010000000000000
00000000000000000000000000100000010000001000000100000010000001000000100000000000
00000000000000000000000000000000000000000000000000000000000000000000000000000000
